cve,epss,percentile
CVE-2019-20583,0.00864,0.57437
