cve,epss,percentile
CVE-2019-4326,0.01071,0.63875
