cve,epss,percentile
CVE-2020-4526,0.00482,0.39623
