cve,epss,percentile
CVE-2020-7923,0.01286,0.69278
