cve,epss,percentile
CVE-2026-20654,0.00148,0.03544
