cve,epss,percentile
CVE-2026-58214,0.00349,0.26398
