cve,epss,percentile
CVE-2026-28090,0.00578,0.45967
