cve,epss,percentile
CVE-2026-2095,0.00588,0.46551
