cve,epss,percentile
CVE-2026-45536,0.00193,0.08041
