cve,epss,percentile
CVE-2026-90438,0.00292,0.20069
