cve,epss,percentile
CVE-2026-59707,0.00482,0.39255
