cve,epss,percentile
CVE-2011-1388,0.03433,0.88541
