cve,epss,percentile
CVE-2023-33743,0.01041,0.62799
