cve,epss,percentile
CVE-2023-30112,0.00622,0.48276
