cve,epss,percentile
CVE-2023-28992,0.00382,0.29898
