cve,epss,percentile
CVE-2008-2340,0.00999,0.61391
