cve,epss,percentile
CVE-2008-1167,0.06736,0.93788
