cve,epss,percentile
CVE-2008-5142,0.00384,0.29937
