cve,epss,percentile
CVE-2008-5205,0.01022,0.62331
