cve,epss,percentile
CVE-2012-0544,0.01173,0.66528
