cve,epss,percentile
CVE-2006-0806,0.06009,0.93145
