cve,epss,percentile
CVE-2025-45847,0.00322,0.23009
