cve,epss,percentile
CVE-2025-54056,0.00228,0.12318
