cve,epss,percentile
CVE-2021-20743,0.00754,0.53637
