cve,epss,percentile
CVE-2021-28967,0.0203,0.80347
