cve,epss,percentile
CVE-2021-21942,0.02012,0.80194
