cve,epss,percentile
CVE-2022-38405,0.00642,0.49213
