cve,epss,percentile
CVE-2022-0443,0.01389,0.71265
