cve,epss,percentile
CVE-2022-4002,0.00954,0.60242
