cve,epss,percentile
CVE-2024-52389,0.00255,0.15655
