cve,epss,percentile
CVE-2024-29887,0.00284,0.18966
