cve,epss,percentile
CVE-2024-5889,0.00308,0.21264
