cve,epss,percentile
CVE-2024-3513,0.00279,0.18693
