cve,epss,percentile
CVE-2024-12311,0.0062,0.47855
