cve,epss,percentile
CVE-2004-2034,0.04475,0.91165
