cve,epss,percentile
CVE-2014-0059,0.00347,0.25795
